[gd_scene load_steps=9 format=3 uid="uid://b5ti5c6bermac"]

[ext_resource type="Material" uid="uid://crmfj2ed3wblu" path="res://Assets/Materials/wild_grass.tres" id="1_jqahm"]
[ext_resource type="PackedScene" uid="uid://co1qb60aoc4ot" path="res://Scenes/car.tscn" id="1_v5uep"]
[ext_resource type="Material" uid="uid://cvvmimydlxrqb" path="res://Assets/Materials/rough_asphalt.tres" id="2_ecl1i"]

[sub_resource type="BoxMesh" id="BoxMesh_ykggm"]
material = ExtResource("1_jqahm")
size = Vector3(400, 0.5, 400)

[sub_resource type="ConcavePolygonShape3D" id="ConcavePolygonShape3D_jdlqm"]
data = PackedVector3Array(-200, 0.25, 200, 200, 0.25, 200, -200, -0.25, 200, 200, 0.25, 200, 200, -0.25, 200, -200, -0.25, 200, 200, 0.25, -200, -200, 0.25, -200, 200, -0.25, -200, -200, 0.25, -200, -200, -0.25, -200, 200, -0.25, -200, 200, 0.25, 200, 200, 0.25, -200, 200, -0.25, 200, 200, 0.25, -200, 200, -0.25, -200, 200, -0.25, 200, -200, 0.25, -200, -200, 0.25, 200, -200, -0.25, -200, -200, 0.25, 200, -200, -0.25, 200, -200, -0.25, -200, 200, 0.25, 200, -200, 0.25, 200, 200, 0.25, -200, -200, 0.25, 200, -200, 0.25, -200, 200, 0.25, -200, -200, -0.25, 200, 200, -0.25, 200, -200, -0.25, -200, 200, -0.25, 200, 200, -0.25, -200, -200, -0.25, -200)

[sub_resource type="ProceduralSkyMaterial" id="ProceduralSkyMaterial_cd3f4"]

[sub_resource type="Sky" id="Sky_c1fr1"]
sky_material = SubResource("ProceduralSkyMaterial_cd3f4")

[sub_resource type="Environment" id="Environment_7sh71"]
background_mode = 2
sky = SubResource("Sky_c1fr1")
reflected_light_source = 2

[node name="Main" type="Node3D"]

[node name="Track" type="Node3D" parent="."]

[node name="borders" type="Node3D" parent="Track"]

[node name="CSGBox3D8" type="CSGBox3D" parent="Track/borders"]
transform = Transform3D(1, 0, 0, 0, 1, 0, 0, 0, 1, 5.5806, 0.673697, 17.7734)
snap = 1e-06
use_collision = true
size = Vector3(0.998291, 3.59739, 24.8435)
material = ExtResource("2_ecl1i")

[node name="CSGBox3D9" type="CSGBox3D" parent="Track/borders"]
transform = Transform3D(1, 0, 0, 0, 1, 0, 0, 0, 1, -5.42938, 0.673697, 17.7734)
snap = 1e-06
use_collision = true
size = Vector3(0.998291, 3.59739, 24.8435)
material = ExtResource("2_ecl1i")

[node name="CSGBox3D10" type="CSGBox3D" parent="Track/borders"]
transform = Transform3D(1, 0, 0, 0, 1, 0, 0, 0, 1, -5.42938, 2.51883, 42.5249)
snap = 1e-06
use_collision = true
size = Vector3(0.998291, 7.28765, 24.8435)
material = ExtResource("2_ecl1i")

[node name="CSGBox3D12" type="CSGBox3D" parent="Track/borders"]
transform = Transform3D(0.0196162, 0, 0.999808, 0, 1, 0, -0.999808, 0, 0.0196162, 7.71336, 2.51883, 54.5444)
snap = 1e-06
use_collision = true
size = Vector3(0.998291, 7.28765, 27.3875)
material = ExtResource("2_ecl1i")

[node name="CSGBox3D13" type="CSGBox3D" parent="Track/borders"]
transform = Transform3D(0.00335101, 0, 0.999995, 0, 1, 0, -0.999995, 0, 0.00335101, 13.3612, 2.51883, 48.0879)
snap = 1e-06
use_collision = true
size = Vector3(0.998291, 7.28765, 15.5457)
material = ExtResource("2_ecl1i")

[node name="CSGBox3D14" type="CSGBox3D" parent="Track/borders"]
transform = Transform3D(-0.294341, 0, 0.955701, 0, 1, 0, -0.955701, 0, -0.294341, 30.0088, 2.51883, 45.2987)
snap = 1e-06
use_collision = true
size = Vector3(0.998291, 7.28765, 18.7613)
material = ExtResource("2_ecl1i")

[node name="CSGBox3D15" type="CSGBox3D" parent="Track/borders"]
transform = Transform3D(-0.294341, 0, 0.955701, 0, 1, 0, -0.955701, 0, -0.294341, 36.7419, 2.51883, 49.9188)
snap = 1e-06
use_collision = true
size = Vector3(0.998291, 7.28765, 32.8517)
material = ExtResource("2_ecl1i")

[node name="CSGBox3D16" type="CSGBox3D" parent="Track/borders"]
transform = Transform3D(-0.732757, 0, 0.680491, 0, 1, 0, -0.680491, 0, -0.732757, 59.6746, 0.722369, 36.2336)
snap = 1e-06
use_collision = true
size = Vector3(0.998291, 3.69473, 38.3061)
material = ExtResource("2_ecl1i")

[node name="CSGBox3D17" type="CSGBox3D" parent="Track/borders"]
transform = Transform3D(-0.732757, 0, 0.680491, 0, 1, 0, -0.680491, 0, -0.732757, 50.523, 0.722369, 28.1346)
snap = 1e-06
use_collision = true
size = Vector3(0.998291, 3.69473, 38.6441)
material = ExtResource("2_ecl1i")

[node name="CSGBox3D18" type="CSGBox3D" parent="Track/borders"]
transform = Transform3D(-0.732757, 0, 0.680491, 0, 1, 0, -0.680491, 0, -0.732757, 83.8291, 7.44235, -7.26301)
snap = 1e-06
use_collision = true
size = Vector3(1.92981, 14.3958, 59.8153)
material = ExtResource("2_ecl1i")

[node name="CSGBox3D19" type="CSGBox3D" parent="Track/borders"]
transform = Transform3D(-0.732757, 0, 0.680491, 0, 1, 0, -0.680491, 0, -0.732757, 96.5301, 6.68051, -2.87495)
snap = 1e-06
use_collision = true
size = Vector3(1.94263, 13.1442, 70.124)
material = ExtResource("2_ecl1i")

[node name="CSGBox3D20" type="CSGBox3D" parent="Track/borders"]
transform = Transform3D(-0.999516, 0, 0.0310967, 0, 1, 0, -0.0310967, 0, -0.999516, 118.466, 7.35227, -39.4562)
snap = 1e-06
use_collision = true
size = Vector3(1.94263, 12.0651, 30.7258)
material = ExtResource("2_ecl1i")

[node name="CSGBox3D21" type="CSGBox3D" parent="Track/borders"]
transform = Transform3D(-0.999516, 0, 0.0310967, 0, 1, 0, -0.0310967, 0, -0.999516, 104.437, 6.72984, -41.6064)
snap = 1e-06
use_collision = true
size = Vector3(1.94263, 15.7097, 26.4235)
material = ExtResource("2_ecl1i")

[node name="CSGBox3D22" type="CSGBox3D" parent="Track/borders"]
transform = Transform3D(0.00959918, 0, 0.999954, 0, 1, 0, -0.999954, 0, 0.00959918, 106.694, 1.34995, -110.449)
snap = 1e-06
use_collision = true
size = Vector3(1.94263, 4.9499, 46.3051)
material = ExtResource("2_ecl1i")

[node name="CSGBox3D23" type="CSGBox3D" parent="Track/borders"]
transform = Transform3D(0.999502, 0, 0.0315503, 0, 1, 0, -0.0315503, 0, 0.999502, 131.258, 1.2949, -78.9598)
snap = 1e-06
use_collision = true
size = Vector3(1.94263, 4.9499, 64.8312)
material = ExtResource("2_ecl1i")

[node name="CSGBox3D24" type="CSGBox3D" parent="Track/borders"]
transform = Transform3D(0.999502, 0, 0.0315503, 0, 1, 0, -0.0315503, 0, 0.999502, 84.7703, 1.64169, -103.146)
snap = 1e-06
use_collision = true
size = Vector3(1.94263, 4.9499, 17.3399)
material = ExtResource("2_ecl1i")

[node name="CSGBox3D25" type="CSGBox3D" parent="Track/borders"]
transform = Transform3D(0.999502, 0, 0.0315503, 0, 1, 0, -0.0315503, 0, 0.999502, 86.1148, 1.64169, -54.0166)
snap = 1e-06
use_collision = true
size = Vector3(1.94263, 4.9499, 17.1104)
material = ExtResource("2_ecl1i")

[node name="CSGBox3D26" type="CSGBox3D" parent="Track/borders"]
transform = Transform3D(0.0182552, 0, 0.999834, 0, 1, 0, -0.999834, 0, 0.0182552, 94.8377, 1.64169, -45.655)
snap = 1e-06
use_collision = true
size = Vector3(1.94263, 4.9499, 18.0558)
material = ExtResource("2_ecl1i")

[node name="CSGBox3D28" type="CSGBox3D" parent="Track/borders"]
transform = Transform3D(-0.0179933, 0, 0.999838, 0, 1, 0, -0.999838, 0, -0.0179933, 48.5155, 1.64169, -60.6039)
snap = 1e-06
use_collision = true
size = Vector3(1.94263, 4.9499, 75.4889)
material = ExtResource("2_ecl1i")

[node name="CSGBox3D29" type="CSGBox3D" parent="Track/borders"]
transform = Transform3D(-0.0179933, 0, 0.999838, 0, 1, 0, -0.999838, 0, -0.0179933, 48.2009, 1.64169, -92.93)
snap = 1e-06
use_collision = true
size = Vector3(1.94263, 4.9499, 74.8597)
material = ExtResource("2_ecl1i")

[node name="CSGBox3D30" type="CSGBox3D" parent="Track/borders"]
transform = Transform3D(-0.869547, 0, 0.493851, 0, 1, 0, -0.493851, 0, -0.869547, -0.111845, 1.64169, -73.8869)
snap = 1e-06
use_collision = true
size = Vector3(1.94263, 4.9499, 44.117)
material = ExtResource("2_ecl1i")

[node name="CSGBox3D31" type="CSGBox3D" parent="Track/borders"]
transform = Transform3D(-0.997486, 0, 0.0708708, 0, 1, 0, -0.0708708, 0, -0.997486, 9.07212, 1.64169, -27.169)
snap = 1e-06
use_collision = true
size = Vector3(1.94263, 4.9499, 66.6093)
material = ExtResource("2_ecl1i")

[node name="CSGBox3D32" type="CSGBox3D" parent="Track/borders"]
transform = Transform3D(-0.996629, 0, -0.0820428, 0, 1, 0, 0.0820428, 0, -0.996629, -8.13995, 1.64169, -27.2263)
snap = 1e-06
use_collision = true
size = Vector3(1.94263, 4.9499, 63.3006)
material = ExtResource("2_ecl1i")

[node name="CSGBox3D27" type="CSGBox3D" parent="Track/borders"]
transform = Transform3D(0.0182552, 0, 0.999834, 0, 1, 0, -0.999834, 0, 0.0182552, 127.388, 1.64169, -47.363)
snap = 1e-06
use_collision = true
size = Vector3(1.94263, 4.9499, 18.0558)
material = ExtResource("2_ecl1i")

[node name="CSGBox3D11" type="CSGBox3D" parent="Track/borders"]
transform = Transform3D(1, 0, 0, 0, 1, 0, 0, 0, 1, 5.52328, 2.51883, 39.5303)
snap = 1e-06
use_collision = true
size = Vector3(0.998291, 7.28765, 18.8543)
material = ExtResource("2_ecl1i")

[node name="ground" type="MeshInstance3D" parent="Track"]
material_overlay = ExtResource("1_jqahm")
mesh = SubResource("BoxMesh_ykggm")
skeleton = NodePath("../..")

[node name="StaticBody3D" type="StaticBody3D" parent="Track/ground"]

[node name="CollisionShape3D" type="CollisionShape3D" parent="Track/ground/StaticBody3D"]
shape = SubResource("ConcavePolygonShape3D_jdlqm")

[node name="CSGBox3D" type="CSGBox3D" parent="Track"]
transform = Transform3D(1, 0, 0, 0, 1, 0, 0, 0, 1, 0, -0.236359, 16.9771)
snap = 1e-06
use_collision = true
size = Vector3(10, 1.77728, 26.4361)
material = ExtResource("2_ecl1i")

[node name="CSGPolygon3D" type="CSGPolygon3D" parent="Track"]
transform = Transform3D(0.00829015, 0, -0.999966, 0, 1, 0, 0.999966, 0, 0.00829015, -4.95158, 1.02663, 34.1402)
use_collision = true
polygon = PackedVector2Array(-3.95587, -0.375568, 0.313839, 1.91699, 6.63661, 2.9814, 14.8371, 0.0696287)
depth = 10.42
smooth_faces = true
material = ExtResource("2_ecl1i")

[node name="CSGPolygon3D2" type="CSGPolygon3D" parent="Track"]
transform = Transform3D(-0.690933, 0, -0.722919, 0, 1, 0, 0.722919, 0, -0.690933, 74.3483, 0.89548, 3.99972)
use_collision = true
polygon = PackedVector2Array(-23.713, 0.956148, -5.44507, 8.53057, 1.90052, 4.67859, 14.8474, 0.179877)
depth = 11.38
smooth_faces = true
material = ExtResource("2_ecl1i")

[node name="CSGPolygon3D3" type="CSGPolygon3D" parent="Track"]
transform = Transform3D(-0.690933, 0, -0.722919, 0, 1, 0, 0.722919, 0, -0.690933, 100.761, 0.89548, -25.0241)
use_collision = true
polygon = PackedVector2Array(-10.202, 3.32444, -2.17498, 4.82873, 6.3905, 10.1027, 23.071, 3.94079)
depth = 16.33
smooth_faces = true
material = ExtResource("2_ecl1i")

[node name="CSGPolygon3D4" type="CSGPolygon3D" parent="Track"]
transform = Transform3D(-0.0505755, 0, -0.99872, 0, 1, 0, 0.99872, 0, -0.0505755, 104.231, 0.545386, -43.5533)
use_collision = true
polygon = PackedVector2Array(-10.202, 3.32444, -9.82601, 12.1584, 6.78087, 7.66383, 18.043, 4.16562)
depth = 13.43
smooth_faces = true
material = ExtResource("2_ecl1i")

[node name="CSGBox3D2" type="CSGBox3D" parent="Track"]
transform = Transform3D(1, 0, 0, 0, 1, 0, 0, 0, 1, 8.0164, 0.279236, 51.3772)
use_collision = true
size = Vector3(26.4043, 1.55847, 5.6792)
material = ExtResource("2_ecl1i")

[node name="CSGBox3D3" type="CSGBox3D" parent="Track"]
transform = Transform3D(0.958178, 0, 0.286173, 0, 1, 0, -0.286173, 0, 0.958178, 31.7893, 0.303131, 48.1792)
use_collision = true
size = Vector3(23.7012, 1.60626, 5.6792)
material = ExtResource("2_ecl1i")

[node name="CSGBox3D4" type="CSGBox3D" parent="Track"]
transform = Transform3D(0.670647, 0, 0.741777, 0, 1, 0, -0.741777, 0, 0.670647, 55.039, 0.307388, 32.0264)
use_collision = true
size = Vector3(37.8706, 1.61478, 12.2207)
material = ExtResource("2_ecl1i")

[node name="CSGBox3D5" type="CSGBox3D" parent="Track"]
transform = Transform3D(-0.0237168, 0, 0.999719, 0, 1, 0, -0.999719, 0, -0.0237168, 108.441, 0.307388, -78.4212)
use_collision = true
size = Vector3(63.5709, 1.61478, 45.1475)
material = ExtResource("2_ecl1i")

[node name="CSGBox3D6" type="CSGBox3D" parent="Track"]
transform = Transform3D(-0.0237168, 0, 0.999719, 0, 1, 0, -0.999719, 0, -0.0237168, 47.4342, 0.307388, -77.3234)
use_collision = true
size = Vector3(32.4225, 1.61478, 77.2427)
material = ExtResource("2_ecl1i")

[node name="CSGBox3D7" type="CSGBox3D" parent="Track"]
transform = Transform3D(-0.999719, 0, -0.0237168, 0, 1, 0, 0.0237168, 0, -0.999719, -0.461568, 0.349247, -43.88)
use_collision = true
size = Vector3(24.3182, 1.6985, 98.7242)
material = ExtResource("2_ecl1i")

[node name="Car" parent="." instance=ExtResource("1_v5uep")]

[node name="WorldEnvironment" type="WorldEnvironment" parent="."]
environment = SubResource("Environment_7sh71")

[node name="DirectionalLight3D" type="DirectionalLight3D" parent="."]
transform = Transform3D(1, 0, 0, 0, 0.841086, 0.540901, 0, -0.540901, 0.841086, 0, 46.5992, 0)
light_volumetric_fog_energy = 4.048
light_angular_distance = 3.5
shadow_enabled = true
shadow_blur = 6.656
directional_shadow_blend_splits = true

[node name="Control" type="Control" parent="."]
layout_mode = 3
anchors_preset = 7
anchor_left = 0.5
anchor_top = 1.0
anchor_right = 0.5
anchor_bottom = 1.0
offset_left = -575.0
offset_top = -646.0
offset_right = 575.0
grow_horizontal = 2
grow_vertical = 0
size_flags_horizontal = 3
size_flags_vertical = 3

[node name="Label" type="Label" parent="Control"]
layout_mode = 2
offset_left = 536.0
offset_top = 569.0
offset_right = 707.0
offset_bottom = 646.0
text = "Press [W][A][S][D] to Drive
Press [R] to Reset"
horizontal_alignment = 1
vertical_alignment = 1
